683
694
673
8
824
481
452
729
775
409
811
483
814
699
802
823
793
832
811
403
700
698
125
447
89
523
761
708
511
171
675
832
415
692
505
716
681
72
755
763
508
759
463
789
787
703
101
671
371
827
802
829
394
693
682
690
539
821
370
463
410
377
463
747
779
677
141
685
804
34
749
695
755
684
82
422
419
53
699
438
832
763
176
440
699
508
171
768
677
694
786
527
740
737
726
829
730
475
747
537
683
402
694
764
687
827
771
799
363
11
719
674
12
697
731
837
78
760
681
451
795
701
537
735
765
671
362
777
500
389
711
709
511
504
770
798
752
39
810
424
693
773
671
447
782
734
469
719
419
702
759
127
739
664
733
771
705
468
710
804
495
749
758
102
663
493
762
415
396
831
435
470
722
744
421
827
704
829
761
752
410
755
785
382
414
98
104
456
834
733
140
484
823
477
510
505
445
500
73
736
775
414
367
789
706
702
28
536
753
382
661
692
531
510
539
770
134
435
505
532
401
666
781
773
679
410
823
450
728
718
815
387
437
712
43
432
667
704
661
389
811
370
797
500
377
479
824
466
160
826
834
500
43
473
449
711
768
756
735
528
470
514
706
492
769
498
674
494
839
810
402
796
697
125
673
836
694
820
504
529
679
69
537
729
750
78
738
749
507
451
816
745
739
388
778
428
468
719
788
377
732
722
385
468
417
675
737
760
808
440
784
362
533
791
738
806
496
87
781
405
714
436
524
59
88
735
385
454
413
803
731
832
803
365
761
423
438
760
785
797
684
712
777
800
733
741
776
705
405
389
684
776
459
434
702
429
706
441
809
683
663
726
502
118
533
509
711
800
367
671
484
389
688
149
786
825
746
2
169
524
835
469
675
766
502
715
674
387
670
531
774
133
673
362
718
794
788
150
30
380
786
816
80
733
699
784
743
742
790
687
526
800
672
695
381
700
754
462
701
696
835
824
756
807
745
745
676
423
370
800
801
393
495
413
761
700
839
23
372
754
710
487
686
451
16
468
739
702
410
750
523
798
798
434
773
678
4
398
713
829
433
113
758
493
454
788
832
502
781
706
782
808
23
440
678
470
831
707
679
429
435
738
484
665
699
838
675
517
132
811
690
734
427
366
690
147
692
839
502
364
799
739
798
679
450
451
787
825
824
712
836
834
752
823
782
716
508
503
431
739
773
97
775
807
471
69
459
779
750
415
748
749
797
677
27
416
746
775
755
524
161
690
502
731
504
516
665
821
712
794
3
450
837
159
755
7
481
741
675
665
491
667
430
470
440
368
76
793
799
763
527
762
511
681
663
748
685
415
785
667
362
697
795
830
734
787
786
465
526
777
739
714
675
461
697
418
369
668
504
736
15
147
823
759
813
517
671
413
80
411
786
513
499
399
718
787
689
673
716
113
383
452
790
815
823
724
468
102
41
664
685
431
662
820
807
699
399
519
506
409
758
500
468
836
687
367
775
829
691
488
745
381
778
701
672
2
801
777
462
738
768
435
807
831
799
837
678
390
157
690
39
493
810
34
499
767
737
478
503
694
733
793
675
441
423
416
465
65
809
723
19
820
473
817
786
718
686
455
384
515
496
823
445
784
804
521
800
683
817
463
418
724
797
744
721
30
470
721
711
34
829
784
764
716
776
409
500
747
502
829
677
690
510
387
727
715
729
705
691
793
716
665
668
467
30
668
768
700
769
139
756
682
718
57
453
505
716
827
515
742
829
742
766
778
706
806
662
758
12
697
159
762
528
815
710
419
829
793
670
755
464
452
502
820
407
829
458
441
810
693
36
799
160
833
764
766
508
518
374
459
397
514
715
380
756
450
800
706
700
678
762
166
791
378
132
748
687
778
749
737
707
664
791
700
105
372
435
830
374
168
793
769
452
688
711
724
800
667
798
74
506
363
504
810
838
507
135
799
475
827
785
404
365
179
814
765
483
696
517
781
732
770
736
825
694
99
722
832
784
737
712
705
387
825
818
769
817
735
366
672
692
510
833
494
504
782
98
661
472
714
175
701
830
751
698
404
796
68
525
808
807
673
721
477
29
755
768
368
389
762
424
816
832
735
672
765
782
698
464
815
740
800
795
77
103
25
832
529
674
788
376
715
811
391
826
403
791
775
774
668
525
686
829
796
825
668
723
775
693
738
539
694
465
702
758
736
664
664
665
737
689
808
779
828
507
391
690
783
679
705
739
799
795
465
764
432
399
134
709
526
669
37
707
415
492
693
731
753
788
535
773
707
805
513
813
444
426
160
672
735
711
749
762
123
457
468
455
823
514
701
467
741
678
390
470
767
669
676
522
128
488
158
137
67
790
744
724
702
682
681
144
746
523
510
409
409
364
376
798
161
741
370
825
509
379
671
491
788
792
5
774
534
823
738
828
838
763
814
514
454
497
662
814
678
831
754
798
796
377
723
498
734
778
704
818
664
723
817
682
752
709
825
663
16
677
441
708
524
718
686
837
392
814
751
743
56
43
737
729
729
426
730
672
691
722
155
126
833
683
805
538
745
462
828
462
677
819
812
23
684
776
418
39
819
424
392
760
816
482
407
379
370
672
796
454
820
44
765
478
715
788
431
499
434
713
745
739
777
739
798
496
755
674
677
742
376
809
759
752
105
178
425
7
127
785
703
825
769
804
366
806
749
734
487
828
815
500
737
492
754
41
673
128
115
735
42
757
714
54
709
752
798
514
738
750
696
766
394
416
377
666
697
433
517
807
711
750
687
171
666
811
809
791
667
669
722
439
826
109
833
509
690
423
110
442
69
804
833
813
674
832
809
459
730
793
784
371
57
696
836
702
819
516
464
763
455
791
124
781
715
361
763
385
103
725
734
755
820
80
19
488
759
777
95
752
365
704
385
753
96
532
125
745
765
675
391
749
426
535
383
782
526
788
826
838
706
399
758
466
418
757
756
428
769
666
811
762
835
807
396
837
450
700
522
390
754
701
501
663
412
681
476
700
699
34
742
6
830
826
733
89
834
773
164
467
370
530
444
366
679
486
695
690
27
430
35
721
765
820
669
762
721
508
523
441
820
742
154
425
705
690
367
123
6
701
670
794
698
714
67
692
527
501
497
696
702
788
417
388
779
678
830
737
475
383
836
468
378
733
51
726
771
710
833
790
122
709
839
676
825
46
527
714
829
485
687
793
725
435
805
804
716
15
803
391
735
825
734
528
118
804
825
771
100
71
414
747
483
773
178
158
484
837
680
812
839
493
750
828
437
690
823
102
798
392
675
767
462
727
661
771
485
817
702
833
496
670
428
390
485
783
371
710
806
716
666
751
436
803
814
822
484
791
704
661
32
717
442
425
388
682
714
499
519
725
407
465
536
136
76
740
812
763
459
765
739
801
695
672
417
692
774
139
729
529
790
376
486
835
476
728
679
796
83
754
746
782
678
112
421
468
116
717
758
730
670
362
792
824
474
376
397
513
400
498
513
663
498
458
800
700
514
692
837
727
126
667
830
793
447
177
506
831
762
740
723
135
837
369
429
12
672
783
712
758
681
445
834
814
409
735
698
761
467
451
399
670
815
509
714
787
389
745
672
465
764
743
472
447
416
380
501
509
810
742
452
492
690
782
495
416
508
747
712
702
371
817
111
827
755
361
774
160
418
831
51
732
787
797
776
380
364
833
781
723
794
711
742
435
762
781
388
677
20
827
511
726
688
833
685
424
404
436
42
430
506
672
679
450
713
793
680
58
536
836
512
15
379
539
475
391
121
714
749
805
714
148
495
816
747
740
528
412
71
752
748
666
696
124
710
668
819
813
143
369
710
796
507
807
694
809
748
752
672
759
138
43
378
118
733
821
778
775
438
808
411
436
748
365
681
485
772
515
162
789
824
462
688
485
66
808
152
697
685
468
493
777
740
681
502
754
830
103
69
663
713
834
730
498
679
95
479
526
431
56
733
748
817
380
697
10
674
762
713
435
669
756
828
101
505
736
146
398
689
458
664
42
12
113
462
748
11
449
803
701
391
783
86
774
416
772
805
794
763
422
423
449
818
795
370
826
125
696
684
493
814
708
813
751
514
451
539
832
390
501
825
78
491
435
384
376
713
718
86
689
753
732
803
750
695
756
784
690
825
700
15
807
668
687
750
806
461
426
501
708
121
788
376
16
454
789
490
750
783
749
749
677
511
779
93
827
710
674
523
776
454
682
25
822
796
699
505
502
718
664
839
362
834
496
470
726
796
691
493
697
833
784
466
516
463
744
71
669
710
745
673
511
790
30
674
38
811
727
800
835
746
742
769
829
793
671
762
803
763
709
777
708
816
770
463
737
831
539
153
24
765
399
501
30
392
829
397
759
363
127
828
736
792
465
520
384
788
663
667
790
458
685
812
750
412
815
453
817
24
706
705
760
501
695
708
528
793
809
819
691
813
747
486
679
802
791
667
736
783
381
477
664
757
800
723
759
441
782
363
51
437
433
742
731
721
382
527
812
750
793
790
95
793
685
536
704
79
492
694
833
517
516
678
666
716
536
47
523
795
400
677
371
787
517
673
786
443
433
506
774
397
734
761
776
674
387
749
682
736
673
795
712
839
669
484
671
676
814
784
538
408
797
460
803
672
468
737
416
708
697
726
452
763
362
490
497
759
779
754
672
688
735
523
822
717
364
103
747
407
789
392
770
812
761
716
713
783
700
732
827
730
690
756
727
370
766
687
383
688
482
491
810
457
469
725
42
383
369
487
433
715
705
825
680
686
705
694
85
817
663
764
686
827
107
387
698
492
805
759
708
805
523
767
827
424
410
521
441
490
365
829
713
494
55
764
820
682
416
783
98
799
697
745
666
662
734
784
821
170
465
503
818
748
688
809
839
758
738
476
436
524
673
516
818
433
111
529
709
23
495
538
782
824
667
106
662
798
825
386
469
775
694
722
40
408
474
836
799
487
17
718
422
448
800
457
481
767
389
689
768
786
800
809
695
711
521
703
506
448
379
744
731
766
518
661
783
757
67
380
762
787
786
671
367
789
740
779
708
401
684
717
805
511
434
736
467
423
740
799
410
438
821
726
664
493
771
834
482
833
830
119
425
758
373
168
379
815
820
727
830
408
685
819
795
440
536
685
820
483
741
685
797
830
708
719
512
753
691
453
788
671
462
810
737
816
839
819
470
160
118
715
83
745
735
733
828
505
835
127
19
768
666
538
138
130
816
411
788
496
489
661
661
820
774
672
836
432
813
705
820
834
838
817
681
378
383
662
415
679
727
812
832
367
799
464
450
823
510
823
121
753
43
731
389
486
364
834
775
493
832
482
769
799
462
162
666
444
522
397
403
759
535
87
680
814
404
828
777
670
732
766
749
792
446
386
764
833
826
14
429
667
735
673
822
388
836
443
690
63
391
675
708
705
809
679
726
75
446
381
837
691
792
765
489
689
374
801
816
787
475
433
832
675
446
746
11
683
440
781
838
765
451
474
479
509
775
783
830
699
715
793
769
100
717
831
765
434
450
447
497
524
664
798
755
418
464
828
157
464
729
758
462
415
697
743
370
672
398
466
754
133
428
711
728
721
82
829
807
48
787
362
495
133
736
678
699
446
698
802
405
455
682
699
400
538
693
723
831
417
672
492
519
763
745
517
697
762
771
692
472
514
699
37
376
688
669
726
812
776
802
820
677
803
786
404
712
377
712
838
445
818
723
792
468
165
831
392
763
702
478
732
716
690
380
717
704
817
434
824
433
691
448
739
171
820
391
522
784
25
133
795
834
364
693
762
396
535
718
815
760
537
365
684
734
451
781
131
721
372
491
125
478
436
762
514
408
807
24
695
712
811
756
691
778
798
415
383
711
424
767
532
410
665
516
718
466
469
81
828
719
738
751
809
492
439
707
490
397
376
436
755
717
393
444
496
693
719
770
526
673
492
395
782
417
771
686
524
693
676
510
123
684
716
91
822
489
662
466
123
381
427
838
437
484
683
712
810
452
93
825
378
413
709
730
712
39
744
666
774
678
743
700
801
466
673
492
452
711
432
816
417
673
532
715
751
699
128
146
539
759
662
707
753
691
710
114
721
821
772
520
683
814
771
764
703
733
796
43
724
776
468
735
431
790
522
755
772
717
748
375
694
760
768
785
404
445
460
79
712
799
694
485
410
169
364
752
778
745
787
666
696
678
816
716
506
451
837
785
103
788
373
762
731
364
412
678
816
110
684
730
449
402
485
682
711
509
459
722
373
474
675
464
386
676
760
465
762
697
15
786
369
751
680
517
448
375
399
764
831
415
409
814
685
675
743
33
687
496
379
726
532
497
797
686
812
98
490
449
175
376
740
789
418
705
436
509
724
723
710
362
411
737
770
729
823
800
369
500
771
88
668
708
821
158
835
791
485
707
792
829
824
784
688
439
773
485
526
792
399
1
802
731
676
662
807
791
790
369
403
808
781
520
710
539
713
701
495
373
384
790
722
18
827
438
790
25
55
688
704
487
526
25
380
783
824
449
774
818
819
25
73
95
819
498
822
766
161
804
500
821
785
671
745
675
754
450
691
451
661
488
801
806
760
513
461
396
433
727
172
792
737
689
494
663
816
824
10
159
719
498
838
121
47
735
763
141
839
776
751
129
25
739
523
834
408
787
838
421
534
714
728
677
662
692
773
705
709
694
685
460
766
137
763
776
769
737
390
392
786
775
798
433
820
810
384
706
439
778
786
749
388
687
796
830
748
383
391
127
801
800
382
803
20
698
446
747
756
706
379
512
459
528
757
409
508
755
521
746
714
677
405
482
758
20
429
483
699
785
703
674
515
709
778
169
679
751
391
170
696
836
525
463
729
385
706
790
802
376
681
753
697
392
787
499
411
751
386
179
716
6
783
17
697
755
362
799
663
748
175
668
509
663
682
495
750
696
512
380
685
748
749
820
821
818
745
482
665
443
419
811
778
817
695
468
459
785
821
525
726
711
786
110
764
820
704
665
483
807
479
693
837
745
451
772
817
677
706
160
130
754
718
383
798
683
744
778
530
673
801
711
785
813
422
417
2
745
112
813
498
716
684
813
753
776
785
683
8
785
411
697
151
692
387
765
761
809
401
484
363
781
703
807
695
452
832
411
788
705
412
690
703
697
712
94
723
786
836
708
408
137
99
436
808
774
831
800
722
762
488
486
801
507
739
511
483
418
671
711
515
797
455
436
726
415
693
139
105
781
759
788
818
517
711
767
414
706
672
694
709
368
20
838
510
684
529
506
752
741
752
771
837
826
833
756
762
685
467
744
117
397
763
399
537
682
778
839
512
462
105
799
831
663
761
723
707
702
835
808
732
770
481
740
674
682
777
831
757
507
674
670
819
470
662
834
378
839
782
803
532
386
693
805
479
519
785
385
794
701
707
482
87
449
769
532
422
710
836
746
722
121
772
675
712
677
363
684
535
170
661
754
674
433
807
30
737
806
391
680
811
756
712
516
727
732
702
691
804
386
529
742
378
728
483
818
105
160
751
718
481
838
474
719
830
772
757
438
427
100
820
746
498
830
823
368
698
454
770
806
702
687
141
491
687
423
747
493
370
755
761
414
32
832
531
157
746
434
710
738
456
511
670
437
747
535
701
792
432
390
415
432
831
381
1
794
449
725
681
28
715
785
734
774
762
31
726
452
664
764
759
709
762
823
729
781
697
732
674
510
374
160
691
491
479
762
703
791
834
18
139
504
416
813
732
832
703
690
511
681
432
723
383
816
740
767
676
742
15
700
709
817
769
122
833
698
825
481
385
777
521
831
779
106
482
513
491
519
412
392
718
425
431
686
417
714
435
160
410
475
369
747
703
831
397
804
730
102
799
769
687
794
392
663
807
734
528
666
685
718
813
784
741
828
667
429
782
388
724
52
723
108
678
757
410
685
786
821
13
712
801
713
810
667
682
521
718
706
51
684
394
27
412
785
726
703
530
661
517
755
460
513
82
699
737
519
522
519
685
449
121
159
42
684
788
79
376
467
380
692
504
751
784
739
374
727
703
719
466
128
791
698
533
502
21
404
739
397
384
763
737
808
495
362
78
52
721
679
738
15
434
803
728
449
703
537
799
519
732
692
828
400
708
828
667
522
436
526
766
758
783
677
746
762
711
671
746
148
492
812
698
524
761
371
712
794
683
707
531
88
81
692
495
809
507
765
711
785
529
725
719
768
736
781
424
665
494
488
677
515
127
740
820
822
839
769
397
481
459
763
532
755
537
689
466
689
474
708
137
761
703
71
725
819
767
828
175
685
802
671
745
822
65
41
800
825
414
679
688
84
671
706
735
103
837
799
790
534
797
40
521
493
538
759
58
396
770
820
497
752
673
821
704
698
802
670
697
819
688
778
528
734
712
749
704
143
426
539
756
399
775
750
65
9
695
492
736
681
706
666
726
805
820
683
132
145
691
690
830
137
458
762
492
679
713
451
685
704
399
749
761
734
730
694
771
116
167
505
504
683
826
793
486
741
721
158
698
800
432
383
781
513
691
699
711
119
733
665
729
407
811
412
713
826
421
765
373
763
396
839
453
798
836
805
833
710
438
792
447
747
490
673
536
702
817
835
398
427
479
798
15
8
474
529
814
72
158
454
704
805
810
707
395
673
69
745
777
462
837
405
519
826
412
165
705
365
693
525
671
752
792
680
394
830
737
803
438
673
781
752
453
481
814
763
816
150
797
774
488
834
59
538
394
684
89
734
667
492
451
788
426
797
398
375
827
518
734
833
377
779
783
662
539
786
788
442
431
802
491
362
414
727
735
831
839
64
6
493
664
532
686
57
675
107
834
145
131
812
54
424
692
798
782
772
831
109
772
667
785
798
678
164
430
534
383
715
823
479
409
663
142
817
417
753
445
445
490
685
669
669
517
383
725
777
672
766
794
661
478
722
390
723
781
788
499
673
697
725
665
6
170
498
481
671
741
819
423
776
778
795
796
421
445
426
670
803
719
390
436
793
19
755
141
670
450
391
767
801
743
449
823
394
153
725
668
456
388
157
439
6
513
773
466
370
102
804
428
487
755
814
476
765
757
827
832
825
39
789
737
492
723
828
746
511
28
481
509
145
448
800
839
786
700
668
730
710
668
766
746
529
168
776
791
493
733
783
473
732
698
503
717
455
506
740
668
821
21
364
827
703
670
501
779
512
722
688
726
775
53
781
798
792
777
534
791
713
728
713
56
799
821
829
695
797
794
752
749
706
756
492
766
449
718
699
362
537
511
681
801
674
806
751
718
439
708
763
830
766
769
458
685
811
669
827
835
781
773
694
386
826
484
705
812
739
150
504
475
794
37
4
839
722
497
511
516
693
22
714
747
830
755
802
49
746
776
479
471
105
452
104
147
751
372
725
714
691
662
368
701
724
740
816
834
375
804
817
749
734
394
117
734
750
776
712
692
373
728
730
83
834
497
719
782
37
811
794
821
744
440
778
361
372
714
96
759
719
788
429
499
87
410
839
503
664
696
444
683
41
686
365
740
65
817
816
746
139
767
676
686
427
686
718
10
768
806
832
724
739
450
483
735
451
718
788
705
823
379
693
733
377
518
773
823
531
22
751
793
719
383
737
701
383
664
715
407
512
689
692
792
683
661
159
820
501
460
153
706
440
758
516
686
16
387
426
774
672
523
800
726
677
771
808
389
696
519
518
707
835
811
766
773
782
832
3
517
662
703
670
385
787
487
12
707
781
63
819
402
785
486
790
52
483
726
773
436
767
828
371
731
488
680
690
797
116
798
723
419
527
833
532
797
81
381
456
668
741
778
400
440
815
776
664
421
443
728
175
689
771
672
698
827
779
833
374
838
728
373
735
702
669
663
373
748
686
700
691
799
689
756
679
757
700
531
175
372
484
462
792
756
709
686
663
747
511
704
802
370
768
677
434
672
800
819
747
73
26
690
725
473
434
522
787
447
745
435
704
710
444
806
748
162
63
776
488
695
511
515
774
821
664
711
369
411
713
750
30
536
778
787
829
430
746
729
661
398
449
740
46
382
807
37
482
418
804
767
769
489
673
835
685
111
675
721
517
732
815
729
375
797
685
662
702
779
408
533
713
681
716
488
363
827
800
679
738
821
706
671
748
538
391
462
711
798
825
713
793
816
107
472
102
743
779
440
379
793
496
820
487
455
732
381
747
380
792
729
755
370
704
688
829
456
701
810
806
689
498
102
409
361
433
698
819
25
419
748
441
373
731
806
779
496
692
529
833
715
501
411
171
816
473
752
749
470
166
696
421
392
747
147
786
10
535
675
373
723
731
798
378
764
514
822
118
786
462
525
756
707
663
386
101
768
777
753
116
423
685
737
687
764
371
471
832
465
753
772
822
680
535
704
718
824
772
677
782
65
830
675
714
383
370
814
757
684
734
802
380
781
739
171
516
783
754
412
424
502
177
837
361
825
778
466
365
450
811
145
762
691
427
764
466
492
467
490
669
742
799
784
697
834
453
695
728
756
61
788
671
36
417
777
666
708
752
671
486
818
744
434
160
682
375
141
725
787
663
526
749
788
510
833
507
370
748
668
384
812
686
829
663
674
686
81
804
736
797
700
444
798
790
453
502
432
537
773
813
728
390
740
735
706
132
538
742
769
668
382
667
449
16
430
746
804
448
786
18
369
383
836
774
689
106
43
715
709
400
667
707
772
816
755
685
716
531
745
129
773
375
671
825
451
818
20
744
483
711
804
423
747
787
486
723
137
827
770
494
766
46
749
681
813
664
710
177
122
522
471
701
788
803
452
712
7
10
730
824
680
461
135
514
771
97
828
527
691
743
440
132
665
380
714
441
483
666
806
772
763
663
491
687
24
810
787
761
690
402
828
758
817
537
772
708
789
90
526
688
429
510
1
740
517
702
381
1
819
31
678
762
814
732
709
387
671
95
362
683
472
806
152
815
519
721
448
746
686
475
113
731
661
438
456
703
392
692
801
427
814
802
451
674
699
738
713
378
731
831
816
794
437
732
756
672
55
723
405
721
439
742
754
498
539
463
54
765
836
140
695
424
504
477
739
829
839
815
799
787
490
455
522
835
418
764
376
688
424
726
704
704
684
695
454
815
788
478
434
417
825
661
757
454
670
497
405
743
766
716
396
743
518
424
725
482
773
400
407
719
106
752
796
702
462
696
799
776
474
821
812
749
37
430
803
835
479
452
779
385
746
782
421
825
772
783
468
664
715
512
829
722
400
392
786
688
706
662
829
719
693
790
787
802
771
785
418
478
732
713
468
696
768
764
703
734
763
675
836
765
166
753
816
473
390
799
689
518
455
788
441
823
666
824
837
530
57
745
424
67
494
492
773
777
702
759
799
494
669
768
417
417
807
467
791
530
699
791
366
723
486
757
737
813
824
709
754
69
799
688
407
795
422
517
527
706
695
443
743
497
690
798
519
503
758
398
815
485
678
749
388
416
746
709
117
789
502
454
398
751
774
474
481
395
404
679
744
712
721
765
444
482
412
170
757
754
402
727
751
517
667
773
536
464
488
797
778
489
406
408
816
828
758
32
803
386
662
807
390
36
733
449
815
453
100
680
484
760
685
510
774
491
824
790
838
379
722
792
161
750
796
671
527
367
474
170
671
691
709
88
710
518
441
150
773
376
368
71
729
515
395
806
771
118
785
435
413
742
474
725
759
692
769
765
746
757
817
428
662
410
476
169
753
497
405
796
722
376
700
701
756
724
88
838
708
689
714
832
828
165
463
389
126
379
760
747
704
701
751
397
761
728
701
838
662
410
803
709
825
675
833
526
777
821
434
786
104
391
834
90
434
738
785
795
730
806
816
744
838
441
455
698
531
385
68
769
539
823
814
713
779
684
708
150
66
452
756
503
778
48
529
823
792
759
684
800
418
788
788
796
492
796
757
699
733
724
428
786
837
813
777
781
171
442
454
91
760
503
726
707
433
743
716
725
783
386
505
672
668
686
777
408
753
771
836
822
510
814
722
498
365
391
661
479
825
695
407
698
770
666
429
506
781
703
502
684
663
698
527
497
522
702
47
695
749
385
33
534
371
690
828
20
732
86
757
667
398
373
145
456
447
386
403
403
405
438
483
93
733
808
166
491
669
404
727
698
388
767
484
800
825
396
419
835
785
472
822
795
62
824
778
757
809
119
454
401
479
482
807
808
498
5
462
671
499
44
539
791
443
768
832
786
399
791
796
484
689
508
402
391
145
490
666
827
750
662
429
407
775
777
19
753
706
524
672
738
813
484
396
772
799
753
710
742
450
815
376
740
786
689
741
797
739
704
791
525
710
815
681
739
764
456
806
839
809
138
519
834
530
738
800
836
168
504
453
712
816
95
710
747
18
156
426
811
7
757
729
723
422
738
368
665
765
782
425
692
802
689
153
47
707
804
665
675
362
807
11
389
669
728
424
759
689
474
750
496
481
418
770
836
529
713
721
775
159
816
528
732
760
666
396
535
422
98
102
736
472
709
67
141
496
741
528
783
700
519
687
763
361
801
737
711
822
76
707
413
809
459
741
818
449
510
754
100
442
441
373
476
477
697
426
776
818
692
381
455
535
799
820
383
785
812
518
689
444
770
824
436
710
829
447
670
744
532
72
470
772
741
696
413
126
73
461
372
362
674
412
832
814
416
800
407
665
479
444
789
716
432
762
395
387
677
815
466
669
139
502
736
729
91
695
428
690
801
704
97
465
496
774
747
742
751
824
741
699
757
763
79
774
694
674
712
105
713
753
104
686
21
760
72
733
760
795
481
708
663
836
806
777
488
728
525
808
473
730
411
750
703
823
695
790
507
788
772
30
704
715
676
816
446
754
734
756
717
799
732
37
427
675
87
749
752
133
732
668
163
811
374
791
806
454
792
774
683
707
54
730
836
788
806
534
686
667
781
805
702
453
31
389
755
820
699
30
804
437
501
140
741
383
750
490
440
758
777
838
797
86
678
460
789
685
519
41
63
747
432
688
813
766
802
538
707
834
390
537
803
776
672
692
454
805
739
385
683
771
444
824
474
808
97
705
797
839
450
687
800
526
158
664
98
829
663
470
831
105
763
531
680
407
725
698
785
435
774
506
709
786
502
832
672
125
734
396
723
835
433
507
830
758
371
108
494
696
688
43
450
836
683
406
708
457
537
829
479
829
701
808
836
681
728
678
740
703
806
369
491
508
764
722
361
781
824
393
477
725
376
752
398
143
747
389
788
459
833
751
765
766
796
757
469
4
816
402
159
691
515
700
804
144
765
419
436
741
450
671
717
749
440
151
138
30
704
828
832
691
15
364
462
831
394
781
750
807
754
755
788
824
680
496
747
694
130
751
504
474
439
476
699
524
143
792
116
718
702
714
835
767
68
1
782
734
730
807
682
710
671
432
731
456
687
661
824
731
434
441
484
467
476
407
810
381
795
483
718
732
676
698
439
505
36
801
491
828
414
713
803
762
764
495
738
734
696
735
721
525
481
760
432
378
443
498
777
1
669
688
379
765
715
787
527
737
77
827
431
466
799
726
363
794
785
511
732
535
725
769
808
520
734
127
532
394
789
437
731
818
108
695
771
529
730
722
364
786
834
519
715
731
773
79
772
775
666
802
494
539
779
174
56
361
375
526
440
815
468
127
749
387
822
688
449
525
681
747
455
809
673
752
713
762
519
839
772
825
802
668
409
664
765
416
78
676
817
836
74
703
799
704
100
164
514
482
443
464
695
78
446
661
429
766
794
394
511
687
681
779
774
814
703
441
152
703
783
704
784
767
764
805
729
162
486
737
674
477
494
410
466
50
731
516
455
424
773
771
665
785
818
511
708
432
439
507
431
743
687
750
761
691
783
838
463
786
500
790
454
161
444
810
822
743
814
680
29
26
714
814
699
773
783
478
674
710
402
453
486
662
741
395
34
827
821
668
798
744
731
807
746
731
750
728
368
718
759
428
157
699
415
688
506
777
811
453
135
428
716
744
462
831
818
711
745
756
506
765
491
803
767
686
522
705
527
813
839
477
534
531
802
687
713
460
761
776
671
748
369
520
539
533
370
417
728
696
790
804
417
499
144
707
768
457
50
817
451
71
829
369
687
806
43
777
519
454
694
811
839
787
668
758
664
782
667
786
804
408
163
512
481
665
755
732
788
813
531
466
474
371
364
672
756
697
804
727
495
423
790
776
752
30
678
809
718
754
803
805
813
438
684
34
781
785
788
743
819
522
702
89
532
690
520
822
385
89
838
505
727
440
503
536
812
664
692
757
831
721
139
730
803
741
744
802
401
741
830
87
486
670
738
749
534
773
57
446
79
724
822
502
661
539
754
750
13
811
769
128
523
114
442
835
835
748
836
71
764
770
495
831
751
699
819
768
765
140
488
699
777
104
93
786
363
31
813
745
715
493
695
751
414
833
750
714
755
534
799
824
506
727
713
665
761
414
763
755
837
718
715
410
743
751
174
502
672
394
450
801
815
433
781
503
459
372
400
749
525
525
795
817
516
700
57
494
371
811
766
729
802
387
668
170
717
825
783
825
128
774
515
748
438
815
824
756
826
411
689
811
378
826
724
392
702
763
743
407
824
43
461
667
705
767
699
503
483
33
497
463
831
483
452
58
378
824
725
428
483
690
386
797
804
707
63
460
166
788
799
19
151
757
734
700
802
434
830
684
691
732
411
827
701
373
836
160
809
672
386
38
773
803
669
793
446
693
761
363
443
776
473
760
832
694
790
766
793
823
685
171
674
682
728
730
506
705
398
52
696
722
763
804
661
664
133
396
469
724
157
386
442
743
734
501
763
709
708
24
432
788
427
748
456
440
804
771
786
790
696
494
783
107
808
674
783
699
789
796
138
821
460
756
373
707
785
497
509
728
664
775
770
528
662
398
43
699
756
716
374
796
428
663
740
814
661
464
745
15
819
719
664
763
440
770
495
664
786
402
519
794
781
527
735
697
829
810
361
527
728
63
676
692
471
495
395
726
666
823
42
705
401
821
788
532
428
819
799
783
503
29
716
764
113
704
729
742
803
723
423
768
836
451
788
526
726
686
825
805
468
666
798
839
806
701
664
454
362
391
678
383
683
382
809
753
418
806
788
793
794
528
713
820
700
433
707
825
445
686
758
696
413
825
393
807
138
121
406
833
106
143
537
781
800
664
507
816
518
675
464
676
99
788
489
448
402
364
753
820
369
762
737
802
460
711
688
376
726
669
142
484
732
829
677
797
741
750
461
496
462
732
392
389
689
675
714
509
817
141
774
23
514
445
524
797
669
362
742
459
703
1
709
733
697
750
493
143
730
688
81
370
812
505
676
693
450
438
822
475
691
830
689
536
731
663
425
683
455
827
767
723
671
466
113
782
392
829
724
438
366
782
816
718
446
516
712
685
452
806
485
805
688
748
524
824
711
745
380
369
689
809
768
477
785
837
756
528
759
482
793
434
712
535
800
114
729
790
716
766
707
705
790
830
689
755
818
783
414
692
98
757
533
743
742
173
785
764
397
680
154
385
500
767
760
539
790
464
804
742
393
475
771
483
789
734
463
794
176
435
45
783
704
159
695
728
760
792
678
799
395
449
753
527
767
828
712
376
838
391
683
711
94
759
679
787
439
684
813
2
783
836
533
688
422
836
778
380
666
398
752
78
745
825
174
523
717
366
154
529
759
432
440
702
513
700
729
1
808
724
798
800
432
734
723
839
818
381
779
696
744
669
474
31
526
815
714
771
65
669
462
397
687
71
451
481
742
735
668
33
413
27
702
511
803
137
396
766
722
483
694
418
441
763
128
538
744
37
817
165
743
754
383
798
832
59
681
417
783
365
669
513
701
425
837
729
83
96
423
707
799
426
411
417
721
363
706
825
705
365
384
728
144
434
495
748
72
166
665
750
790
177
514
789
168
478
814
772
803
493
723
401
416
716
694
418
681
485
790
668
363
806
664
678
692
665
677
474
155
802
372
536
407
673
476
691
410
710
835
61
747
93
826
7
826
683
806
26
771
819
786
690
802
733
685
746
514
792
788
91
809
770
435
814
772
699
682
488
372
416
754
685
666
729
781
812
790
476
526
696
676
763
787
177
173
679
663
838
680
690
814
476
716
685
688
691
801
4
782
719
411
836
831
705
739
498
437
7
685
723
785
373
713
803
394
388
479
724
768
835
704
784
539
501
407
789
717
368
97
490
497
706
788
734
661
808
476
721
759
777
769
751
806
828
385
669
527
745
681
766
478
739
661
31
485
689
826
816
387
378
797
368
685
94
449
537
835
752
460
384
825
723
818
709
771
408
490
530
832
769
421
664
785
768
818
788
813
5
520
716
696
674
666
690
736
395
693
749
821
372
818
494
749
29
37
719
661
500
760
839
705
773
696
725
396
702
445
489
810
752
452
748
699
411
71
764
126
692
484
694
494
535
820
665
725
444
748
810
405
770
765
839
514
836
510
749
739
691
496
753
681
532
758
459
476
769
838
467
447
476
809
777
158
449
795
445
390
688
776
153
508
768
76
440
735
829
677
176
813
369
694
704
738
419
796
801
435
790
6
531
486
693
714
433
725
713
788
825
812
535
50
698
747
813
814
705
103
537
17
528
685
382
716
722
486
777
41
796
683
28
692
465
693
96
826
702
405
668
695
667
463
375
442
816
823
671
487
801
533
838
816
717
664
752
696
538
682
784
97
434
819
40
495
764
692
791
511
411
684
680
773
721
426
822
782
697
488
757
773
383
375
476
20
712
724
807
718
762
365
714
668
44
816
731
91
408
750
800
728
787
679
738
835
798
828
446
536
483
713
758
134
403
422
475
773
664
706
399
769
749
808
748
703
721
782
735
138
770
447
821
450
782
716
445
710
363
428
423
446
112
483
438
715
436
690
687
687
16
404
801
514
766
438
19
390
39
456
798
837
823
719
377
778
364
693
109
16
774
425
818
439
111
812
490
471
693
511
804
421
469
747
742
736
662
724
814
421
759
772
479
423
778
807
666
688
736
822
100
145
534
432
746
794
502
789
728
458
429
725
410
716
532
795
477
670
387
702
499
820
823
527
707
803
22
485
429
669
829
794
92
441
672
726
461
683
683
693
408
782
769
760
680
427
810
738
179
432
741
697
78
730
57
836
747
765
784
792
539
823
406
12
736
809
409
495
688
435
777
748
391
815
723
520
740
812
506
807
446
150
30
731
448
456
813
684
754
87
428
800
789
394
392
712
715
820
822
440
775
793
796
530
794
535
804
456
759
807
835
691
121
484
528
690
381
539
691
503
460
761
475
836
361
756
463
497
399
488
744
395
814
680
751
538
726
831
688
404
674
687
772
709
415
673
748
522
89
503
507
832
718
435
777
475
723
815
794
700
499
776
709
119
386
416
821
35
684
539
84
394
772
734
436
453
775
440
667
761
702
375
718
438
168
666
834
816
799
830
802
698
834
691
817
674
735
798
719
534
727
677
663
707
663
677
149
392
387
699
740
670
835
805
801
832
724
736
406
112
724
684
733
682
809
667
749
664
721
523
785
663
537
803
663
800
411
745
433
426
70
781
767
171
423
425
765
376
803
773
39
445
832
751
786
781
163
483
677
815
377
827
472
736
743
464
535
772
729
39
57
517
751
810
705
484
804
522
667
441
688
781
794
365
534
778
416
368
676
799
736
116
718
383
814
665
427
685
664
367
801
809
702
377
754
776
767
831
421
494
430
763
806
401
734
709
686
761
492
384
755
756
114
446
159
730
778
402
499
833
539
749
421
665
667
662
774
421
700
439
749
820
165
728
415
705
703
752
398
723
693
756
739
754
804
688
471
804
820
529
391
738
369
762
764
694
810
678
724
486
783
794
391
735
751
467
452
774
704
812
761
778
701
393
740
766
517
834
698
479
826
462
807
442
382
528
666
423
807
391
824
536
452
740
438
532
669
793
837
471
726
824
829
812
429
418
117
661
792
479
789
468
699
513
759
458
533
819
839
735
511
678
83
706
15
670
425
680
672
798
709
372
731
376
763
821
108
793
75
682
668
772
411
820
783
363
424
722
770
814
375
51
89
419
668
479
820
754
739
529
837
755
158
769
466
664
779
362
759
783
404
494
800
839
670
783
686
704
96
762
462
709
786
808
42
734
472
715
469
677
782
693
509
750
712
695
701
711
522
737
707
834
697
395
391
781
740
144
736
837
716
812
828
393
474
82
473
479
695
460
695
785
838
537
504
792
706
35
487
706
755
769
403
533
815
693
438
682
830
795
810
681
537
698
777
366
528
486
666
735
362
767
401
688
682
789
685
831
777
807
738
704
399
717
688
474
807
524
678
789
372
783
48
362
731
698
137
751
528
670
738
745
715
794
746
672
790
33
487
370
785
749
663
763
771
804
434
36
677
410
528
824
748
751
698
821
684
825
715
770
740
155
667
772
454
725
146
361
529
716
437
757
768
393
728
702
714
514
729
396
435
467
510
708
157
462
489
738
814
530
755
479
790
693
497
753
834
136
766
769
437
725
447
525
463
663
798
772
681
136
710
666
832
714
674
380
12
401
456
493
499
834
798
805
10
744
664
711
691
483
396
709
391
784
481
782
731
690
800
748
502
794
695
379
406
377
504
795
710
100
512
400
5
535
769
798
385
827
682
816
371
791
782
505
445
729
405
683
471
509
451
688
715
721
698
536
87
689
58
773
131
675
448
794
664
425
681
94
142
824
471
758
431
755
528
667
383
731
807
667
792
717
682
61
686
699
530
744
665
428
672
683
176
493
759
779
532
137
482
380
483
814
706
830
764
779
667
797
783
482
760
748
708
724
758
722
700
685
684
771
828
375
146
836
127
498
430
804
491
764
837
755
824
716
389
661
505
127
96
483
454
416
664
524
41
441
744
783
740
411
788
812
785
414
418
716
714
511
132
815
685
739
157
760
701
146
694
800
469
482
696
442
738
736
773
437
685
492
503
708
739
713
758
739
448
463
814
713
805
481
376
722
764
398
442
708
375
455
823
695
746
741
751
675
536
749
708
59
805
834
702
786
464
394
476
709
776
17
686
399
752
763
769
48
696
817
465
760
733
754
693
776
712
454
711
505
483
727
469
409
713
756
378
738
700
692
377
728
837
123
45
697
459
172
133
665
404
839
493
403
409
824
709
836
685
381
722
535
708
811
745
750
489
691
718
695
798
502
362
789
822
742
798
814
429
814
697
674
772
445
437
422
742
96
507
670
809
379
502
488
739
719
468
426
805
760
834
137
146
679
368
131
714
698
525
171
675
823
510
825
361
821
753
775
493
721
815
467
686
537
690
744
703
722
526
448
806
793
441
523
4
739
687
783
837
419
719
766
516
407
683
520
812
708
756
454
714
387
739
783
759
11
689
831
713
363
444
721
469
790
811
679
111
9
34
724
719
390
765
703
826
662
727
678
725
431
27
666
677
105
531
448
478
459
724
662
696
837
736
794
823
466
806
704
409
367
381
773
80
769
460
663
812
688
775
733
402
758
699
117
400
65
730
365
532
782
790
690
736
373
481
749
11
14
697
173
832
523
749
757
737
755
432
825
705
750
387
473
669
432
673
820
669
696
364
711
836
499
380
772
705
707
828
519
160
784
789
438
826
444
440
378
432
808
760
708
828
682
789
379
684
662
509
757
664
463
406
831
438
524
723
713
750
404
445
465
402
677
372
522
794
765
493
813
1
792
692
821
704
787
750
150
147
475
760
677
776
823
786
711
12
834
410
476
750
667
707
789
21
819
399
763
675
827
469
662
735
835
535
367
768
677
395
671
698
796
802
503
793
759
681
159
744
772
498
811
816
397
719
763
692
527
416
532
461
715
446
519
825
109
713
782
834
46
530
776
757
447
362
410
728
531
536
672
700
691
462
747
384
762
105
746
668
525
674
722
824
722
662
752
687
754
33
766
388
77
800
766
666
795
749
758
832
838
537
839
736
435
680
734
711
402
671
693
679
403
431
83
819
735
453
816
668
410
744
371
406
675
811
370
760
511
462
433
711
726
78
798
440
487
803
425
715
837
801
497
686
810
839
756
734
789
407
386
438
755
534
829
781
733
499
672
811
459
733
369
818
704
478
665
820
745
688
739
829
474
769
452
381
759
701
740
668
694
806
818
754
765
512
798
770
802
812
685
434
759
828
19
727
733
451
731
471
753
449
437
461
732
756
740
675
755
667
805
799
158
380
478
782
698
681
770
384
693
718
839
823
787
775
767
667
713
372
727
797
425
813
775
704
698
508
746
753
378
832
61
67
718
397
693
388
672
416
814
163
361
487
826
692
754
372
671
776
512
390
48
833
754
668
807
411
369
492
789
692
722
447
730
765
701
702
697
516
672
722
786
387
830
776
746
790
788
799
385
764
668
820
127
800
836
389
25
757
681
512
495
439
675
6
784
475
799
825
696
668
822
705
17
487
497
101
741
59
515
757
423
488
179
37
418
731
432
794
534
736
371
424
784
834
380
414
795
533
710
472
666
732
504
821
500
754
835
830
499
733
499
825
763
374
451
687
163
387
779
179
736
412
756
425
831
781
760
778
682
402
673
824
462
801
423
811
134
500
158
702
757
749
437
778
834
534
535
511
416
777
534
173
722
172
426
740
516
440
826
818
718
823
415
737
70
798
756
442
499
707
725
669
786
717
745
790
662
769
414
532
495
164
733
772
475
485
521
728
808
98
771
825
102
745
385
435
714
518
675
472
753
739
377
776
376
681
703
733
718
446
829
716
682
457
460
818
501
27
824
705
674
768
501
823
440
665
515
404
683
8
745
529
750
661
512
662
748
448
703
469
66
487
427
797
400
711
690
407
487
489
403
674
514
661
677
500
684
418
820
818
736
488
751
485
43
770
488
710
829
778
734
445
424
496
828
738
529
438
690
778
63
415
502
523
755
531
730
757
534
375
808
67
686
729
681
805
524
516
807
385
723
364
713
364
391
756
681
697
694
489
807
790
834
745
816
113
708
529
27
45
752
421
463
432
464
689
812
779
412
712
772
20
760
799
512
671
785
376
763
712
816
535
791
751
814
810
387
735
812
374
733
761
442
140
487
722
404
505
667
442
381
460
796
132
783
821
744
96
695
719
390
781
769
771
393
796
367
451
30
825
119
705
518
484
394
448
694
759
520
760
452
509
775
835
533
794
708
759
67
666
804
774
370
713
796
790
361
829
773
740
707
378
710
675
768
809
676
714
670
792
833
728
803
702
761
362
445
422
818
402
711
710
805
371
812
361
417
668
699
825
725
171
793
779
816
696
133
521
447
756
686
511
27
740
675
519
392
487
792
671
820
396
777
738
508
689
528
375
725
519
711
762
419
50
390
527
756
402
839
737
744
530
708
719
685
835
507
147
785
722
28
756
733
757
530
478
369
725
783
520
823
762
806
674
670
743
437
697
755
477
461
717
690
822
805
731
751
826
757
532
130
724
791
99
6
123
712
814
697
818
754
664
503
696
803
759
461
717
795
509
35
20
764
402
456
380
466
435
475
663
736
784
417
363
800
470
397
742
781
725
466
6
818
812
763
714
535
381
695
681
10
677
735
55
484
469
800
812
391
828
407
739
477
689
803
40
813
477
736
783
481
695
795
721
160
774
727
688
369
725
447
103
786
760
758
823
825
118
680
692
760
488
470
778
362
742
777
457
688
538
699
732
414
696
418
714
794
823
684
818
836
733
711
668
414
462
791
816
818
442
36
714
687
673
365
460
777
766
77
370
804
704
813
533
711
379
50
733
470
756
18
748
834
822
712
446
794
140
716
462
782
696
443
175
69
832
760
694
772
820
661
729
708
694
828
497
819
395
485
705
753
798
432
803
376
520
429
691
459
773
833
713
444
92
411
34
674
805
677
106
784
138
135
754
755
823
425
831
755
755
423
55
160
442
778
678
713
681
386
163
767
769
813
669
778
400
825
773
171
751
728
835
668
675
95
777
407
524
696
538
691
806
523
698
671
789
684
741
827
816
710
706
723
801
790
729
41
786
455
745
809
461
3
680
831
511
679
401
705
755
793
755
405
775
27
818
510
696
516
469
663
667
796
738
459
31
753
807
717
721
839
711
834
831
3
477
395
804
393
430
829
816
753
778
701
680
693
665
670
820
385
386
728
9
806
684
95
418
823
786
765
434
93
469
662
681
452
741
777
682
667
694
29
669
808
517
682
491
778
748
699
65
741
499
4
527
727
829
833
523
426
795
521
721
791
441
827
56
57
685
469
719
496
705
46
823
726
414
784
362
483
140
691
772
695
829
376
687
34
760
399
437
763
685
724
502
531
744
665
461
792
814
6
396
450
483
705
790
684
812
430
822
134
713
427
820
786
465
719
723
711
778
54
724
824
825
518
675
781
788
361
771
669
775
524
463
380
696
508
376
791
538
710
757
790
791
788
767
698
108
690
814
718
429
383
813
390
662
705
443
671
733
11
731
534
759
735
722
451
100
667
725
784
764
738
537
741
684
771
809
815
735
756
361
793
379
695
509
535
688
412
815
687
677
56
433
370
663
833
731
744
839
460
805
784
495
530
800
770
422
486
809
447
828
497
762
95
818
517
766
523
672
839
707
837
838
670
374
380
499
719
409
790
731
467
117
800
178
469
750
409
703
752
818
833
517
770
374
364
449
96
742
374
140
804
363
790
726
693
446
743
483
734
444
771
684
361
711
752
827
738
42
801
383
513
728
681
733
520
34
