412
457
815
794
698
783
793
734
23
524
742
677
365
762
475
740
436
382
833
762
734
142
378
774
699
805
756
771
764
715
471
837
727
754
527
736
781
819
438
710
493
776
100
157
831
701
97
694
684
496
376
743
736
440
92
472
744
685
514
471
747
759
378
692
707
809
823
159
785
807
736
751
534
692
765
661
443
725
463
369
118
830
686
386
741
752
467
743
794
737
819
669
482
523
763
695
819
35
664
792
479
452
666
686
539
683
382
454
793
705
39
671
726
502
756
364
47
667
820
709
382
747
745
690
487
680
53
529
722
727
72
119
719
687
710
115
383
814
662
371
363
396
374
395
529
407
717
13
823
680
706
403
737
688
797
749
109
768
159
361
516
751
452
134
679
674
804
366
147
405
381
665
761
475
378
363
697
421
811
706
677
531
811
778
815
436
705
791
679
667
766
776
684
452
683
760
674
673
759
380
803
790
743
388
802
442
827
717
796
803
797
819
694
827
774
391
779
428
706
396
395
99
814
788
4
748
437
731
708
536
661
694
748
753
82
754
128
109
431
471
802
811
776
112
526
496
93
740
726
415
762
676
397
51
149
384
810
507
737
705
717
43
759
811
804
92
418
662
118
408
772
781
486
4
424
538
411
701
492
474
707
704
450
820
820
804
709
756
502
461
686
708
677
759
368
728
701
69
695
752
761
31
790
692
472
511
757
413
473
744
496
836
786
683
708
786
522
809
779
716
21
513
105
365
460
395
796
778
380
669
732
754
486
399
715
381
437
798
439
675
807
413
519
172
387
471
387
677
690
391
698
788
792
417
694
814
375
173
503
536
160
99
756
507
809
741
828
771
401
728
441
387
824
805
517
723
706
757
444
750
782
784
813
710
456
519
35
473
474
722
751
362
421
506
113
708
676
365
750
797
434
810
731
131
774
36
462
675
789
726
679
779
441
816
772
431
487
373
523
680
741
457
792
794
679
361
54
818
805
459
796
740
795
483
743
24
746
676
408
722
680
154
528
694
122
688
798
497
507
529
714
724
761
692
479
731
415
482
481
488
834
803
502
726
375
763
405
423
663
460
826
521
167
500
138
834
814
827
713
811
822
97
380
718
675
712
406
425
672
457
801
729
62
532
476
768
105
374
707
401
816
106
372
696
763
741
90
775
806
461
473
776
791
696
708
730
378
499
436
443
445
808
733
754
736
669
703
479
726
789
498
757
497
457
389
374
837
700
416
97
169
87
684
376
704
736
130
691
443
803
767
665
460
778
767
173
477
476
679
477
737
676
159
822
489
437
682
679
378
374
521
809
425
824
749
446
747
447
448
686
476
433
836
393
85
741
5
667
56
746
447
83
494
831
799
481
716
819
700
692
123
385
149
829
757
424
752
365
736
456
724
685
830
786
507
793
816
692
793
815
426
685
127
719
791
814
668
495
9
728
691
707
815
683
832
721
412
810
494
827
760
734
740
490
784
411
524
836
673
759
786
398
458
491
763
752
448
483
676
745
713
425
509
756
158
372
481
754
444
662
690
770
163
484
402
839
718
417
467
688
415
787
765
390
466
380
694
372
739
678
454
449
782
522
736
63
768
757
736
812
449
713
66
724
404
696
699
698
839
398
728
29
727
524
479
712
375
804
381
669
663
708
532
812
96
164
495
838
818
452
464
414
137
823
745
698
149
821
713
32
810
387
398
386
747
762
762
424
786
51
810
515
130
813
690
454
670
484
452
404
802
372
730
526
723
810
728
472
675
438
774
434
453
800
688
696
159
484
724
369
798
760
449
415
501
696
691
801
767
781
786
469
524
777
395
73
469
414
436
686
815
756
827
748
498
458
729
800
430
792
790
779
807
522
110
522
724
695
702
113
504
814
688
1
690
534
787
821
138
405
504
467
785
712
46
365
694
403
709
817
766
673
488
781
694
821
70
719
761
473
795
734
668
823
523
746
764
662
399
461
755
405
494
373
496
769
457
716
115
811
784
444
785
741
794
723
379
798
457
753
836
388
735
740
753
397
152
817
725
523
742
431
502
762
672
362
401
669
839
434
727
699
818
677
11
748
510
505
722
736
752
827
500
746
80
2
762
794
748
456
409
679
690
176
662
798
675
768
716
817
414
364
701
482
807
665
766
820
462
701
807
785
764
144
508
828
376
709
760
41
695
821
416
769
497
695
492
770
722
719
396
765
792
706
724
74
693
457
478
699
747
795
527
432
762
477
779
392
451
694
771
748
396
770
521
743
465
114
686
791
394
835
421
692
758
753
536
424
801
383
